#=== laboratory ================================================================================================================
#                 name
#  
LABORATORY        "JLab" 
#===============================================================================================================================

#=== collaboration =============================================================================================================
#                 name
#
COLLABORATION     "CLAS"
#===============================================================================================================================
   
#=== experiment ================================================================================================================
#                 year        process                         type                 reference
#
EXPERIMENT        "2015"      "e + p -> e + p + gamma"        "fixed target"       "Phys. Rev. D91, 052014 (2015)"
#===============================================================================================================================
 
#==== data ======================================================================================================================
# bin        xB         t        Q2     Ebeam       phi      obs.     value     stat-     stat+      sys-      sys+   err_tot
#
    0   0.19400  -0.11000   1.68000   5.93200  25.00000       Alu   0.37000   0.23000   0.23000   0.01000   0.01000   0.23022
    0   0.19000  -0.12000   1.68000   5.93200  60.00000       Alu   0.34000   0.11000   0.11000   0.03000   0.03000   0.11402
    0   0.18600  -0.13000   1.58000   5.93200  92.00000       Alu   0.23000   0.06000   0.06000   0.01000   0.01000   0.06083
    0   0.17800  -0.13000   1.54000   5.93200 128.00000       Alu   0.13000   0.05000   0.05000   0.01000   0.01000   0.05099
    0   0.17400  -0.13000   1.50000   5.93200 161.00000       Alu   0.05000   0.05000   0.05000   0.01000   0.01000   0.05099
    0   0.17300  -0.13000   1.51000   5.93200 198.00000       Alu  -0.05000   0.05000   0.05000   0.00000   0.00000   0.05000
    0   0.17700  -0.13000   1.52000   5.93200 235.00000       Alu  -0.21000   0.06000   0.06000   0.01000   0.01000   0.06083
    0   0.18500  -0.13000   1.60000   5.93200 266.00000       Alu  -0.28000   0.06000   0.06000   0.01000   0.01000   0.06083
    0   0.19000  -0.12000   1.68000   5.93200 305.00000       Alu  -0.15000   0.10000   0.10000   0.02000   0.02000   0.10198
    1   0.19000  -0.21000   1.61000   5.93200  97.00000       Alu   0.19000   0.19000   0.19000   0.06000   0.06000   0.19925
    1   0.18200  -0.23000   1.57000   5.93200 128.00000       Alu   0.17000   0.10000   0.10000   0.03000   0.03000   0.10440
    1   0.17900  -0.23000   1.51000   5.93200 161.00000       Alu   0.09000   0.08000   0.08000   0.02000   0.02000   0.08246
    1   0.17800  -0.23000   1.54000   5.93200 199.00000       Alu  -0.12000   0.07000   0.07000   0.02000   0.02000   0.07280
    1   0.18400  -0.23000   1.62000   5.93200 233.00000       Alu  -0.18000   0.09000   0.09000   0.03000   0.03000   0.09487
    1   0.19100  -0.22000   1.64000   5.93200 263.00000       Alu  -0.12000   0.17000   0.17000   0.05000   0.05000   0.17720
    2   0.18800  -0.49000   1.63000   5.93200  96.00000       Alu   0.39000   0.24000   0.24000   0.09000   0.09000   0.25632
    2   0.18100  -0.47000   1.54000   5.93200 127.00000       Alu   0.18000   0.11000   0.11000   0.05000   0.05000   0.12083
    2   0.17300  -0.49000   1.36000   5.93200 162.00000       Alu   0.21000   0.07000   0.07000   0.02000   0.02000   0.07280
    2   0.17400  -0.46000   1.42000   5.93200 196.00000       Alu  -0.07000   0.08000   0.08000   0.02000   0.02000   0.08246
    2   0.18100  -0.43000   1.60000   5.93200 234.00000       Alu  -0.22000   0.12000   0.12000   0.02000   0.02000   0.12166
    2   0.18500  -0.51000   1.56000   5.93200 261.00000       Alu  -0.04000   0.21000   0.21000   0.12000   0.12000   0.24187
    3   0.18400  -1.35000   1.62000   5.93200  20.00000       Alu   0.13000   0.16000   0.16000   0.07000   0.07000   0.17464
    3   0.17800  -1.21000   1.56000   5.93200  56.00000       Alu   0.01000   0.14000   0.14000   0.05000   0.05000   0.14866
    3   0.17800  -1.02000   1.46000   5.93200  92.00000       Alu   0.12000   0.15000   0.15000   0.14000   0.14000   0.20518
    3   0.17600  -1.01000   1.48000   5.93200 128.00000       Alu   0.20000   0.19000   0.19000   0.05000   0.05000   0.19647
    3   0.17000  -1.00000   1.36000   5.93200 164.00000       Alu  -0.09000   0.08000   0.08000   0.01000   0.01000   0.08062
    3   0.17100  -0.97000   1.35000   5.93200 192.00000       Alu   0.06000   0.14000   0.14000   0.11000   0.11000   0.17804
    3   0.17100  -1.07000   1.40000   5.93200 239.00000       Alu  -0.22000   0.17000   0.17000   0.07000   0.07000   0.18385
    3   0.17800  -1.03000   1.41000   5.93200 266.00000       Alu   0.04000   0.10000   0.10000   0.05000   0.05000   0.11180
    3   0.17900  -1.24000   1.58000   5.93200 306.00000       Alu   0.01000   0.14000   0.14000   0.09000   0.09000   0.16643
    3   0.18300  -1.35000   1.62000   5.93200 340.00000       Alu  -0.11000   0.18000   0.18000   0.12000   0.12000   0.21633
    4   0.25500  -0.13000   2.03000   5.93200  19.00000       Alu   0.03000   0.03000   0.03000   0.01000   0.01000   0.03162
    4   0.25000  -0.14000   1.99000   5.93200  52.00000       Alu   0.17000   0.03000   0.03000   0.01000   0.01000   0.03162
    4   0.23900  -0.14000   1.93000   5.93200  89.00000       Alu   0.20000   0.03000   0.03000   0.01000   0.01000   0.03162
    4   0.23500  -0.14000   1.91000   5.93200 124.00000       Alu   0.16000   0.05000   0.05000   0.01000   0.01000   0.05099
    4   0.22800  -0.14000   1.84000   5.93200 160.00000       Alu   0.03000   0.06000   0.06000   0.01000   0.01000   0.06083
    4   0.23100  -0.14000   1.89000   5.93200 199.00000       Alu   0.02000   0.06000   0.06000   0.01000   0.01000   0.06083
    4   0.23500  -0.14000   1.93000   5.93200 238.00000       Alu  -0.21000   0.05000   0.05000   0.02000   0.02000   0.05385
    4   0.23900  -0.14000   1.94000   5.93200 270.00000       Alu  -0.24000   0.04000   0.04000   0.01000   0.01000   0.04123
    4   0.24800  -0.13000   1.97000   5.93200 308.00000       Alu  -0.16000   0.03000   0.03000   0.01000   0.01000   0.03162
    4   0.25500  -0.13000   2.03000   5.93200 340.00000       Alu  -0.07000   0.03000   0.03000   0.00000   0.00000   0.03000
    5   0.27600  -0.22000   2.23000   5.93200  21.00000       Alu   0.05000   0.05000   0.05000   0.01000   0.01000   0.05099
    5   0.26800  -0.23000   2.12000   5.93200  53.00000       Alu   0.22000   0.04000   0.04000   0.01000   0.01000   0.04123
    5   0.25100  -0.23000   2.01000   5.93200  91.00000       Alu   0.27000   0.04000   0.04000   0.01000   0.01000   0.04123
    5   0.24800  -0.23000   1.91000   5.93200 124.00000       Alu   0.06000   0.06000   0.06000   0.01000   0.01000   0.06083
    5   0.24600  -0.24000   1.79000   5.93200 161.00000       Alu   0.03000   0.06000   0.06000   0.01000   0.01000   0.06083
    5   0.24500  -0.24000   1.80000   5.93200 199.00000       Alu   0.02000   0.06000   0.06000   0.01000   0.01000   0.06083
    5   0.24200  -0.23000   1.97000   5.93200 235.00000       Alu  -0.11000   0.06000   0.06000   0.01000   0.01000   0.06083
    5   0.24800  -0.23000   2.01000   5.93200 270.00000       Alu  -0.31000   0.04000   0.04000   0.01000   0.01000   0.04123
    5   0.26800  -0.23000   2.14000   5.93200 307.00000       Alu  -0.28000   0.04000   0.04000   0.02000   0.02000   0.04472
    5   0.27700  -0.22000   2.21000   5.93200 340.00000       Alu  -0.05000   0.04000   0.04000   0.01000   0.01000   0.04123
    6   0.28600  -0.40000   2.34000   5.93200  26.00000       Alu   0.22000   0.16000   0.16000   0.01000   0.01000   0.16031
    6   0.27600  -0.45000   2.20000   5.93200  56.00000       Alu   0.21000   0.06000   0.06000   0.02000   0.02000   0.06325
    6   0.25400  -0.44000   2.04000   5.93200  90.00000       Alu   0.14000   0.06000   0.06000   0.01000   0.01000   0.06083
    6   0.25500  -0.45000   1.82000   5.93200 127.00000       Alu   0.08000   0.06000   0.06000   0.04000   0.04000   0.07211
    6   0.25200  -0.48000   1.73000   5.93200 163.00000       Alu   0.06000   0.04000   0.04000   0.01000   0.01000   0.04123
    6   0.25400  -0.47000   1.74000   5.93200 197.00000       Alu   0.02000   0.05000   0.05000   0.01000   0.01000   0.05099
    6   0.25100  -0.44000   1.88000   5.93200 233.00000       Alu  -0.13000   0.07000   0.07000   0.02000   0.02000   0.07280
    6   0.25300  -0.46000   1.99000   5.93200 271.00000       Alu  -0.20000   0.05000   0.05000   0.03000   0.03000   0.05831
    6   0.27400  -0.45000   2.20000   5.93200 303.00000       Alu  -0.30000   0.06000   0.06000   0.03000   0.03000   0.06708
    6   0.28700  -0.40000   2.36000   5.93200 334.00000       Alu  -0.21000   0.12000   0.12000   0.03000   0.03000   0.12369
    7   0.26100  -1.41000   2.03000   5.93200  17.00000       Alu  -0.04000   0.05000   0.05000   0.02000   0.02000   0.05385
    7   0.25800  -1.12000   1.98000   5.93200  54.00000       Alu   0.10000   0.06000   0.06000   0.02000   0.02000   0.06325
    7   0.25600  -1.18000   1.78000   5.93200  87.00000       Alu   0.05000   0.07000   0.07000   0.03000   0.03000   0.07616
    7   0.26100  -1.13000   1.82000   5.93200 128.00000       Alu   0.14000   0.09000   0.09000   0.03000   0.03000   0.09487
    7   0.25200  -1.03000   1.79000   5.93200 164.00000       Alu   0.03000   0.05000   0.05000   0.01000   0.01000   0.05099
    7   0.25400  -1.03000   1.78000   5.93200 195.00000       Alu  -0.03000   0.07000   0.07000   0.02000   0.02000   0.07280
    7   0.25700  -1.23000   1.84000   5.93200 238.00000       Alu  -0.05000   0.08000   0.08000   0.02000   0.02000   0.08246
    7   0.25700  -1.14000   1.75000   5.93200 270.00000       Alu  -0.02000   0.05000   0.05000   0.02000   0.02000   0.05385
    7   0.26000  -1.12000   2.01000   5.93200 307.00000       Alu  -0.07000   0.07000   0.07000   0.01000   0.01000   0.07071
    7   0.26100  -1.40000   2.03000   5.93200 343.00000       Alu   0.00000   0.04000   0.04000   0.01000   0.01000   0.04123
    8   0.26500  -0.13000   2.45000   5.93200  20.00000       Alu  -0.02000   0.04000   0.04000   0.01000   0.01000   0.04123
    8   0.25300  -0.14000   2.36000   5.93200  53.00000       Alu   0.07000   0.05000   0.05000   0.02000   0.02000   0.05385
    8   0.24900  -0.14000   2.32000   5.93200  88.00000       Alu   0.17000   0.05000   0.05000   0.01000   0.01000   0.05099
    8   0.24600  -0.14000   2.30000   5.93200 125.00000       Alu   0.20000   0.08000   0.08000   0.02000   0.02000   0.08246
    8   0.24200  -0.14000   2.26000   5.93200 162.00000       Alu   0.20000   0.10000   0.10000   0.03000   0.03000   0.10440
    8   0.24200  -0.14000   2.27000   5.93200 199.00000       Alu  -0.07000   0.09000   0.09000   0.04000   0.04000   0.09849
    8   0.24300  -0.14000   2.28000   5.93200 237.00000       Alu  -0.29000   0.07000   0.07000   0.02000   0.02000   0.07280
    8   0.24800  -0.14000   2.32000   5.93200 271.00000       Alu  -0.22000   0.06000   0.06000   0.02000   0.02000   0.06325
    8   0.25300  -0.14000   2.36000   5.93200 307.00000       Alu  -0.14000   0.04000   0.04000   0.01000   0.01000   0.04123
    8   0.26500  -0.14000   2.45000   5.93200 340.00000       Alu  -0.01000   0.05000   0.05000   0.02000   0.02000   0.05385
    9   0.28100  -0.22000   2.57000   5.93200  24.00000       Alu   0.03000   0.08000   0.08000   0.02000   0.02000   0.08246
    9   0.26900  -0.23000   2.50000   5.93200  53.00000       Alu   0.11000   0.05000   0.05000   0.02000   0.02000   0.05385
    9   0.25800  -0.23000   2.40000   5.93200  90.00000       Alu   0.19000   0.06000   0.06000   0.02000   0.02000   0.06325
    9   0.25200  -0.23000   2.35000   5.93200 126.00000       Alu   0.16000   0.09000   0.09000   0.02000   0.02000   0.09220
    9   0.25400  -0.23000   2.36000   5.93200 161.00000       Alu   0.10000   0.10000   0.10000   0.03000   0.03000   0.10440
    9   0.25400  -0.23000   2.37000   5.93200 199.00000       Alu   0.02000   0.09000   0.09000   0.02000   0.02000   0.09220
    9   0.25400  -0.23000   2.36000   5.93200 236.00000       Alu  -0.17000   0.08000   0.08000   0.02000   0.02000   0.08246
    9   0.26000  -0.23000   2.42000   5.93200 270.00000       Alu  -0.23000   0.06000   0.06000   0.03000   0.03000   0.06708
    9   0.26600  -0.23000   2.48000   5.93200 308.00000       Alu  -0.15000   0.05000   0.05000   0.02000   0.02000   0.05385
    9   0.27900  -0.22000   2.56000   5.93200 336.00000       Alu  -0.01000   0.07000   0.07000   0.01000   0.01000   0.07071
   10   0.28400  -0.41000   2.60000   5.93200  31.00000       Alu  -0.18000   0.22000   0.22000   0.09000   0.09000   0.23770
   10   0.27500  -0.44000   2.55000   5.93200  52.00000       Alu   0.17000   0.06000   0.06000   0.01000   0.01000   0.06083
   10   0.26400  -0.44000   2.45000   5.93200  91.00000       Alu   0.20000   0.07000   0.07000   0.02000   0.02000   0.07280
   10   0.25400  -0.44000   2.37000   5.93200 122.00000       Alu   0.23000   0.10000   0.10000   0.03000   0.03000   0.10440
   10   0.25000  -0.41000   2.33000   5.93200 159.00000       Alu  -0.15000   0.13000   0.13000   0.04000   0.04000   0.13601
   10   0.25300  -0.41000   2.36000   5.93200 199.00000       Alu  -0.02000   0.12000   0.12000   0.04000   0.04000   0.12649
   10   0.25400  -0.43000   2.36000   5.93200 235.00000       Alu  -0.28000   0.10000   0.10000   0.03000   0.03000   0.10440
   10   0.26100  -0.45000   2.43000   5.93200 270.00000       Alu  -0.26000   0.07000   0.07000   0.02000   0.02000   0.07280
   10   0.27400  -0.45000   2.54000   5.93200 307.00000       Alu  -0.24000   0.07000   0.07000   0.03000   0.03000   0.07616
   10   0.28400  -0.42000   2.61000   5.93200 330.00000       Alu  -0.15000   0.19000   0.19000   0.07000   0.07000   0.20248
   11   0.26100  -1.22000   2.43000   5.93200  20.00000       Alu  -0.01000   0.08000   0.08000   0.02000   0.02000   0.08246
   11   0.26500  -1.06000   2.45000   5.93200  52.00000       Alu   0.14000   0.09000   0.09000   0.03000   0.03000   0.09487
   11   0.25500  -0.96000   2.37000   5.93200  88.00000       Alu   0.18000   0.20000   0.20000   0.12000   0.12000   0.23324
   11   0.26100  -0.96000   2.43000   5.93200 273.00000       Alu  -0.31000   0.17000   0.17000   0.05000   0.05000   0.17720
   11   0.26200  -1.08000   2.44000   5.93200 308.00000       Alu  -0.16000   0.10000   0.10000   0.04000   0.04000   0.10770
   11   0.26500  -1.23000   2.46000   5.93200 340.00000       Alu  -0.04000   0.07000   0.07000   0.02000   0.02000   0.07280
   12   0.31900  -0.16000   2.55000   5.93200  19.00000       Alu   0.13000   0.05000   0.05000   0.02000   0.02000   0.05385
   12   0.31900  -0.16000   2.50000   5.93200  50.00000       Alu   0.25000   0.07000   0.07000   0.03000   0.03000   0.07616
   12   0.32000  -0.16000   2.53000   5.93200  88.00000       Alu   0.37000   0.14000   0.14000   0.08000   0.08000   0.16125
   12   0.31700  -0.16000   2.55000   5.93200 240.00000       Alu  -0.13000   0.22000   0.22000   0.01000   0.01000   0.22023
   12   0.32100  -0.16000   2.59000   5.93200 273.00000       Alu  -0.12000   0.15000   0.15000   0.05000   0.05000   0.15811
   12   0.31900  -0.16000   2.53000   5.93200 309.00000       Alu  -0.21000   0.07000   0.07000   0.02000   0.02000   0.07280
   12   0.31800  -0.16000   2.55000   5.93200 342.00000       Alu  -0.12000   0.06000   0.06000   0.02000   0.02000   0.06325
   13   0.33800  -0.24000   2.72000   5.93200  19.00000       Alu   0.08000   0.03000   0.03000   0.00000   0.00000   0.03000
   13   0.33800  -0.24000   2.68000   5.93200  51.00000       Alu   0.20000   0.03000   0.03000   0.01000   0.01000   0.03162
   13   0.33700  -0.24000   2.67000   5.93200  89.00000       Alu   0.16000   0.05000   0.05000   0.02000   0.02000   0.05385
   13   0.33700  -0.25000   2.43000   5.93200 122.00000       Alu   0.13000   0.07000   0.07000   0.01000   0.01000   0.07071
   13   0.32600  -0.25000   2.47000   5.93200 161.00000       Alu   0.14000   0.12000   0.12000   0.01000   0.01000   0.12042
   13   0.32200  -0.25000   2.55000   5.93200 201.00000       Alu  -0.07000   0.09000   0.09000   0.03000   0.03000   0.09487
   13   0.33800  -0.24000   2.55000   5.93200 238.00000       Alu  -0.20000   0.07000   0.07000   0.02000   0.02000   0.07280
   13   0.33700  -0.24000   2.73000   5.93200 271.00000       Alu  -0.26000   0.06000   0.06000   0.03000   0.03000   0.06708
   13   0.33600  -0.24000   2.69000   5.93200 309.00000       Alu  -0.26000   0.03000   0.03000   0.02000   0.02000   0.03606
   13   0.33800  -0.24000   2.68000   5.93200 341.00000       Alu  -0.04000   0.03000   0.03000   0.00000   0.00000   0.03000
   14   0.35600  -0.44000   2.81000   5.93200  20.00000       Alu   0.09000   0.03000   0.03000   0.01000   0.01000   0.03162
   14   0.34600  -0.46000   2.74000   5.93200  51.00000       Alu   0.20000   0.03000   0.03000   0.01000   0.01000   0.03162
   14   0.34600  -0.45000   2.68000   5.93200  90.00000       Alu   0.15000   0.05000   0.05000   0.02000   0.02000   0.05385
   14   0.34900  -0.47000   2.24000   5.93200 126.00000       Alu   0.07000   0.05000   0.05000   0.01000   0.01000   0.05099
   14   0.33900  -0.49000   2.25000   5.93200 162.00000       Alu   0.06000   0.06000   0.06000   0.01000   0.01000   0.06083
   14   0.33900  -0.49000   2.23000   5.93200 202.00000       Alu  -0.13000   0.06000   0.06000   0.02000   0.02000   0.06325
   14   0.34700  -0.47000   2.43000   5.93200 232.00000       Alu  -0.06000   0.06000   0.06000   0.01000   0.01000   0.06083
   14   0.34400  -0.47000   2.72000   5.93200 271.00000       Alu  -0.22000   0.05000   0.05000   0.02000   0.02000   0.05385
   14   0.34700  -0.45000   2.77000   5.93200 309.00000       Alu  -0.21000   0.03000   0.03000   0.01000   0.01000   0.03162
   14   0.35500  -0.45000   2.77000   5.93200 340.00000       Alu  -0.15000   0.02000   0.02000   0.01000   0.01000   0.02236
   15   0.35200  -1.30000   2.59000   5.93200  20.00000       Alu   0.02000   0.03000   0.03000   0.00000   0.00000   0.03000
   15   0.34800  -1.09000   2.59000   5.93200  52.00000       Alu   0.13000   0.04000   0.04000   0.01000   0.01000   0.04123
   15   0.35000  -1.28000   2.28000   5.93200  87.00000       Alu   0.12000   0.06000   0.06000   0.02000   0.02000   0.06325
   15   0.35300  -1.09000   2.27000   5.93200 129.00000       Alu   0.08000   0.06000   0.06000   0.03000   0.03000   0.06708
   15   0.34500  -1.06000   2.33000   5.93200 161.00000       Alu  -0.00000   0.06000   0.06000   0.02000   0.02000   0.06325
   15   0.34700  -1.06000   2.29000   5.93200 201.00000       Alu  -0.00000   0.06000   0.06000   0.02000   0.02000   0.06325
   15   0.35200  -1.23000   2.33000   5.93200 236.00000       Alu  -0.01000   0.06000   0.06000   0.02000   0.02000   0.06325
   15   0.34700  -1.23000   2.25000   5.93200 269.00000       Alu  -0.04000   0.05000   0.05000   0.01000   0.01000   0.05099
   15   0.34900  -1.09000   2.61000   5.93200 308.00000       Alu  -0.11000   0.05000   0.05000   0.01000   0.01000   0.05099
   15   0.35200  -1.28000   2.57000   5.93200 340.00000       Alu  -0.02000   0.03000   0.03000   0.00000   0.00000   0.03000
   16   0.41400  -0.27000   3.21000   5.93200  19.00000       Alu  -0.24000   0.18000   0.18000   0.02000   0.02000   0.18111
   16   0.41400  -0.27000   3.16000   5.93200  51.00000       Alu   0.22000   0.21000   0.21000   0.09000   0.09000   0.22847
   17   0.44300  -0.51000   3.36000   5.93200  17.00000       Alu   0.07000   0.04000   0.04000   0.01000   0.01000   0.04123
   17   0.44400  -0.49000   3.41000   5.93200  52.00000       Alu   0.21000   0.05000   0.05000   0.02000   0.02000   0.05385
   17   0.44800  -0.49000   3.25000   5.93200  89.00000       Alu   0.24000   0.07000   0.07000   0.03000   0.03000   0.07616
   17   0.43000  -0.53000   2.84000   5.93200 124.00000       Alu   0.12000   0.09000   0.09000   0.05000   0.05000   0.10296
   17   0.42000  -0.57000   2.93000   5.93200 155.00000       Alu  -0.08000   0.24000   0.24000   0.08000   0.08000   0.25298
   17   0.42100  -0.58000   2.94000   5.93200 207.00000       Alu  -0.44000   0.23000   0.23000   0.06000   0.06000   0.23770
   17   0.43500  -0.50000   2.95000   5.93200 238.00000       Alu  -0.04000   0.11000   0.11000   0.05000   0.05000   0.12083
   17   0.44000  -0.48000   3.33000   5.93200 271.00000       Alu  -0.08000   0.08000   0.08000   0.02000   0.02000   0.08246
   17   0.44500  -0.50000   3.46000   5.93200 310.00000       Alu  -0.28000   0.05000   0.05000   0.02000   0.02000   0.05385
   17   0.44300  -0.52000   3.35000   5.93200 342.00000       Alu  -0.08000   0.03000   0.03000   0.01000   0.01000   0.03162
   18   0.46500  -1.12000   3.37000   5.93200  18.00000       Alu   0.06000   0.03000   0.03000   0.01000   0.01000   0.03162
   18   0.46500  -1.13000   3.46000   5.93200  52.00000       Alu   0.21000   0.05000   0.05000   0.02000   0.02000   0.05385
   18   0.45900  -1.27000   3.18000   5.93200  89.00000       Alu  -0.00000   0.07000   0.07000   0.02000   0.02000   0.07280
   18   0.45600  -1.15000   3.13000   5.93200 126.00000       Alu   0.11000   0.06000   0.06000   0.01000   0.01000   0.06083
   18   0.43400  -1.18000   3.30000   5.93200 159.00000       Alu   0.07000   0.11000   0.11000   0.09000   0.09000   0.14213
   18   0.43000  -1.09000   3.11000   5.93200 203.00000       Alu  -0.10000   0.13000   0.13000   0.03000   0.03000   0.13342
   18   0.45500  -1.25000   3.16000   5.93200 236.00000       Alu  -0.06000   0.07000   0.07000   0.01000   0.01000   0.07071
   18   0.45400  -1.35000   3.12000   5.93200 269.00000       Alu  -0.02000   0.06000   0.06000   0.02000   0.02000   0.06325
   18   0.46700  -1.10000   3.49000   5.93200 310.00000       Alu  -0.31000   0.06000   0.06000   0.04000   0.04000   0.07211
   18   0.46400  -1.15000   3.36000   5.93200 342.00000       Alu  -0.07000   0.03000   0.03000   0.01000   0.01000   0.03162
#================================================================================================================================
