7.66997
-15.0212
15.0243
4.33931
6.91594
9.73204
9.25319
7.69312
8.00788
6.52865
8.43778
5.89273
5.21657
5.86245
7.13872
5.6813
6.98352
9.19666
4.98014
7.82731
6.53438
5.6882
8.53888
10.1468
9.26434
8.87977
11.0232
7.1217
7.12701
7.00961
7.85352
8.38846
7.45196
5.92697
8.27529
7.94477
12.3214
11.7078
9.61672
10.1842
11.2254
10.5473
11.8967
9.8261
10.3966
10.3769
12.726
13.6269
12.9029
12.1837
13.9365
7.37699
5.96161
6.6367
6.46509
6.39411
7.06414
7.5345
6.3817
5.42994
7.82128
6.28819
6.14172
5.95387
8.50696
5.89196
6.66792
5.78274
7.31691
5.81363
4.51625
5.21904
2.43781
1.31308
-3.15064
0.930482
-1.67017
5.39723
5.51631
4.96524
6.50545
3.59364
3.22657
-2.43798
5.13466
6.05884
5.32135
3.96249
0.0491238
6.5147
5.65663
5.37251
3.75298
5.91796
1.5311
3.72018
5.13536
0.0896467
6.55433
5.06087
3.01285
3.46958
-1.17226
3.61065
1.533
3.9265
4.02076
4.82883
5.14981
5.40523
5.1522
4.516
5.04477
5.60975
4.7901
3.50881
3.5886
5.27048
5.01869
3.6742
4.49326
5.6172
4.6188
4.33967
4.62232
3.96468
4.02559
4.31781
5.34581
4.24132
4.90465
4.72612
4.70361
3.50787
5.11496
3.6736
3.05062
-3.50845
3.82002
3.67024
-2.57009
0.99426
6.17854
0.198394
0.0581358
-0.262352
4.24655
4.41845
6.52882
-0.898952
2.97235
4.19271
-1.29938
-0.450736
-2.47105
-5.36031
4.17256
3.64822
3.57477
3.56827
2.91761
5.10619
0.842919
3.3806
3.62634
0.388593
4.79601
0.258315
3.34015
3.76035
-1.47463
3.12996
0.879855
0.786762
4.80968
3.04135
3.49995
1.67901
3.28245
2.34447
4.85617
2.0112
3.46602
1.82232
1.70946
4.5725
4.09754
0.503287
2.62416
3.3185
3.6274
3.43528
1.6313
0.0450453
3.00253
4.51478
-2.32493
0.794999
3.48116
3.81696
1.46039
4.0249
3.89677
2.947
3.95008
-0.189368
2.8821
3.50718
-1.51621
-2.92583
3.54239
4.08485
2.2332
3.66676
4.13356
3.1698
4.03449
-0.688783
1.38104
0.6013
3.4546
2.40735
0.552328
3.33114
1.38719
4.91992
-0.144934
0.582293
-1.02131
-4.14199
-1.56031
-0.507319
-1.83375
3.48498
3.74566
4.50064
6.02803
5.19653
5.83618
5.60269
5.62533
-3.47762
5.84989
2.38117
5.87048
5.1899
5.60973
6.25815
4.89004
6.30777
6.14605
7.16434
5.59192
5.49815
5.66427
5.54628
5.66163
5.69071
6.14231
6.63935
6.26205
5.80722
5.56625
5.69579
6.75685
5.56516
6.22095
5.67567
5.90531
-4.14997
-3.88676
-1.56014
1.80227
-4.94846
2.63715
4.25934
5.47422
4.58364
5.69447
4.38735
3.67668
-6.98259
-2.24817
-1.5783
-1.12383
-1.95156
-2.63186
-3.92952
-3.07153
-2.58975
-3.2555
-7.46253
-2.87828
-0.56205
0.321776
0.39474
2.67346
3.26711
-6.95544
-7.98406
-0.639746
-4.46864
-10.2214
0.146566
-2.39595
-5.3118
0.110937
-3.12282
-1.78007
-6.21223
-6.45711
-4.07851
-7.76386
-6.56461
-2.96918
-3.18985
0.761292
-0.639116
0.684636
1.50848
-8.00281
-5.13084
-6.65739
-9.00542
-5.41409
-12.6544
-9.2115
-11.2559
-6.40421
-4.88057
-6.24049
-5.42992
-5.20034
-4.36817
2.92352
4.21432
1.90197
-1.69434
-0.73964
-1.23504
-0.156914
-5.34242
-0.619244
-1.33008
5.91573
3.57561
1.17889
0.999637
2.41521
-2.78286
-2.99702
-3.83554
-10.0117
-9.43649
-9.47999
-10.869
-8.70806
-7.29386
-7.55022
-10.334
-12.3284
-9.21292
-6.45046
-11.3345
-11.7064
-8.21501
3.39
3.87661
4.10604
2.66749
6.21718
-4.56334
-5.51637
-3.51061
-4.78427
-4.26744
3.8171
4.26936
1.95614
2.89921
2.84517
1.50568
3.65983
3.57088
3.61676
4.61931
6.16368
4.06009
3.01399
4.70126
4.04768
5.64168
3.56676
2.60874
2.73732
2.2314
2.13187
4.09446
2.09922
2.0342
2.29997
2.82234
1.15732
7.67577
7.55806
7.00807
6.72205
10.9622
11.1158
6.47459
-4.13006
-7.56138
-8.82248
-13.7328
-13.8561
5.37139
4.4927
6.50846
7.70069
6.90175
5.60343
6.1853
5.36537
8.37947
8.85482
